38753
3
2
4
4
2
5
3
6
9
6
6
2
17
20
11
2
8
2
3
2
6
9
12
4
8
7
6
4
7
15
8
8
14
15
4
21
10
12
5
7
6
14
13
12
5
7
21
8
8
7
11
6
9
16
6
10
14
19
8
22
12
16
12
9
13
14
11
19
8
13
14
7
15
9
17
18
19
5
18
42
11
8
9
22
5
12
9
9
11
12
8
10
10
31
12
17
14
10
11
14
16
26
10
6
6
15
28
4
18
6
5
15
20
2
11
18
27
16
12
10
11
4
19
14
7
28
9
33
18
25
26
9
35
14
23
20
34
11
20
8
12
13
14
63
17
4
6
38
8
2
14
25
13
56
24
23
12
17
28
11
17
28
15
3
21
19
12
26
20
15
32
11
57
19
11
33
24
53
38
30
17
3
3
31
10
19
24
2
18
26
26
29
32
35
9
19
24
23
11
14
36
11
25
38
25
7
23
16
20
12
31
5
2
9
24
43
6
5
10
19
33
3
6
59
55
6
16
5
23
16
5
21
27
4
47
33
14
5
38
12
28
39
61
43
18
48
39
35
22
31
36
37
46
31
39
50
34
40
87
60
64
109
118
75
76
104
93
146
500
