38186
6
5
5
7
7
6
7
12
9
6
2
13
7
6
10
9
9
11
4
15
5
16
10
13
8
10
17
14
11
5
9
9
11
8
4
7
11
7
4
10
18
6
10
6
18
16
11
12
21
16
15
17
22
8
9
4
8
7
17
16
13
4
10
6
9
6
18
12
27
13
14
10
13
23
7
14
13
8
8
9
9
8
11
11
8
7
10
7
25
13
5
10
10
10
11
17
14
13
4
10
10
7
16
8
12
8
12
16
18
10
9
11
20
17
18
9
12
20
19
23
10
22
20
10
21
5
15
17
20
6
20
30
17
18
17
25
15
10
24
17
16
12
14
14
22
23
18
10
17
16
20
9
18
8
10
14
12
14
7
14
20
9
7
15
15
13
13
13
20
14
18
20
11
13
24
13
23
15
28
9
25
11
28
15
18
19
22
22
25
24
18
30
23
24
17
17
19
21
13
16
16
15
27
13
36
25
27
36
17
32
22
25
14
17
26
21
20
17
19
18
18
29
17
17
26
9
16
21
13
17
26
13
16
22
39
28
25
18
24
16
25
12
20
32
22
18
22
44
40
18
19
20
31
32
38
22
18
29
33
21
26
20
29
15
24
23
18
21
26
26
15
31
31
30
40
21
21
37
29
36
22
24
22
24
21
24
16
28
39
49
32
26
23
37
22
37
44
26
25
27
28
31
33
36
34
27
50
29
21
27
33
44
38
38
33
35
31
32
41
24
45
38
49
27
63
64
38
34
45
38
42
56
44
48
