40567
6
5
5
7
5
4
13
4
8
5
2
6
7
9
6
6
6
9
10
9
14
7
11
11
8
7
8
9
10
10
10
7
11
16
17
9
11
18
12
18
5
16
15
10
12
22
18
20
16
7
21
17
20
7
23
8
8
23
14
10
8
21
36
18
30
13
7
17
6
17
10
20
8
16
9
16
22
10
10
24
13
14
11
11
8
16
11
10
13
19
13
12
21
15
23
13
23
9
13
20
18
9
21
18
18
19
25
18
14
24
27
20
39
13
17
20
26
17
22
7
15
21
26
19
17
20
22
22
15
18
25
32
18
26
17
18
21
38
22
22
20
26
24
14
26
37
24
22
20
22
18
40
40
31
15
49
12
33
29
17
30
19
29
29
44
28
21
26
37
39
24
33
23
24
16
25
22
37
27
32
26
34
24
27
31
36
21
38
27
41
38
31
49
29
44
34
45
38
33
63
38
42
44
48
