36236
2
6
2
3
3
2
8
4
6
8
11
2
4
7
11
7
5
6
3
4
6
7
2
20
2
12
6
9
17
14
11
4
4
8
9
6
8
7
13
5
12
6
8
12
10
14
9
6
9
8
5
18
4
5
15
19
15
7
9
10
12
9
22
8
8
15
13
8
13
13
6
21
11
21
11
9
8
13
15
16
11
13
8
17
9
5
9
9
14
14
12
6
15
22
14
11
7
5
11
9
12
17
21
18
12
8
10
26
19
11
9
16
14
18
15
25
22
7
42
14
20
10
6
15
10
28
8
2
31
26
10
19
29
10
12
18
20
16
25
28
16
31
26
24
8
15
4
11
16
4
15
6
14
10
18
21
26
4
11
14
31
28
5
24
35
13
31
28
12
23
9
25
18
34
33
12
14
26
19
39
28
4
7
27
9
11
26
30
20
25
26
38
14
23
13
12
8
14
9
6
18
8
11
17
29
31
2
28
12
49
51
20
8
56
14
28
12
17
35
21
24
25
3
13
46
15
13
15
23
15
38
38
26
24
32
17
12
63
17
19
33
16
20
17
8
10
19
12
10
38
53
32
11
40
24
33
7
31
30
57
16
35
7
3
10
33
7
11
30
3
17
50
37
19
26
32
20
15
24
26
24
26
41
24
16
27
35
39
29
2
23
19
18
11
42
55
9
24
42
35
25
23
54
25
14
36
26
38
11
23
12
17
20
7
31
66
45
18
20
38
5
9
5
19
24
24
19
6
43
10
29
2
33
55
6
3
44
6
18
16
64
5
59
23
29
16
22
10
5
8
5
21
16
14
27
14
47
38
4
15
23
61
5
39
12
33
17
43
39
48
35
28
18
22
35
36
22
13
50
31
30
40
34
37
46
64
31
39
40
87
60
109
118
75
93
76
104
146
32
