36868
8
4
5
7
6
9
17
8
8
7
2
6
7
6
5
14
7
8
7
6
10
12
18
11
5
10
9
6
10
6
6
10
11
7
8
10
7
16
12
18
11
5
11
12
8
18
12
7
11
13
9
6
8
9
7
4
10
9
22
13
23
7
11
18
6
14
15
6
13
13
4
7
15
10
9
13
9
10
17
9
21
16
13
17
5
14
4
9
9
13
4
20
9
8
12
17
7
10
10
8
17
19
13
11
12
20
16
22
10
13
7
11
22
16
14
25
17
15
8
21
7
12
8
17
15
12
23
8
13
4
27
18
12
10
8
19
10
17
6
10
7
25
5
10
10
20
16
19
12
11
8
10
20
18
18
14
13
30
9
13
18
16
23
11
14
12
22
17
11
14
20
20
20
16
10
23
24
16
14
16
15
10
23
9
13
18
11
10
20
14
27
15
27
13
24
15
15
19
13
14
13
16
17
20
28
22
18
13
17
15
24
17
23
11
13
36
13
17
14
9
18
26
19
14
19
17
17
20
17
11
24
25
21
17
20
14
19
26
18
29
18
18
22
22
25
9
24
22
26
25
21
15
17
16
14
25
17
21
28
18
21
25
25
27
25
22
13
16
18
38
25
17
26
18
13
17
27
26
7
25
16
24
24
21
21
17
25
36
32
15
17
29
20
31
31
13
40
20
18
33
28
24
12
31
30
32
22
17
21
30
21
32
26
21
26
22
31
39
21
18
40
15
44
29
20
39
44
29
37
32
30
23
26
22
18
49
22
29
25
18
19
36
28
30
16
28
24
31
27
22
37
29
24
27
37
34
50
36
35
23
31
33
33
29
34
31
32
24
38
25
26
45
27
21
29
38
41
44
22
38
27
24
49
33
32
49
63
64
45
34
38
40
42
38
44
56
48
48
53
