2392
2
6
2
3
2
2
2
5
5
9
10
9
4
5
2
9
5
5
5
4
4
5
3
3
3
4
3
9
4
11
2
9
10
3
6
3
5
8
9
3
6
11
13
4
5
6
4
8
5
4
6
10
10
10
11
5
5
7
4671
6
5
11
7
11
12
13
6
5
8
7
9
4
247
6
3
3
4
3
3
4
6
7
17
63
7
4
9
5
21
14
8
10
5
5
17
9
17
6
8
11
13
6
8
4
14
5
11
12
11
7
4
11
7
7
9
11
6
3
7
10
9
4
8
27
32
3
12728
10
18
9
10
4
18
7
13
8
6
5
646
10
4
8
11
13
9
8
5
490
10
13
5
123
11
8
13
53
10
8
12
5
12
512
20
15
21
14
24
8
16
16
5
1701
22
9
267
1328
9
497
5
6
17
3732
14
6
5
13
518
4
433
9
11
15
9
13
17
10
14
15
6
18
13
17
6
13
169
13
9
15
19
36
14
12
16
16
14
22
554
16
23
15
12
17
36
9
17
16
29
866
506
11
14
13
18
13
6
267
8
13
22
13
29
81
14
12
21
12
16
156
19
23
8
18
2
14
22
8
18
10
21
16
269
37
31
361
75
38
30
1013
40
7
49
53
18
526
20
20
327
14
54
34
265
26
27
391
12
11
34
20
35
24
119
70
64
33
18
19
826
20
372
34
16
175
23
20
42
29
41
26
43
35
105
30
53
39
35
188
478
26
35
97
280
53
282
44
43
149
36
54
66
14
172
990
22
29
