40679
3
2
9
3
2
12
6
6
3
6
7
2
5
7
17
5
2
2
6
2
4
9
7
12
11
6
6
20
7
8
8
5
14
4
14
15
11
4
7
10
18
16
10
6
9
21
8
8
9
13
8
6
8
12
19
12
14
14
10
13
22
17
13
9
9
8
5
11
7
22
17
9
15
18
6
31
5
12
8
12
11
11
19
26
16
14
28
15
10
12
11
19
28
4
6
6
4
15
2
10
25
27
35
5
6
14
8
9
14
14
9
13
2
26
20
34
11
4
14
12
24
15
12
28
3
28
11
21
63
15
12
53
24
31
32
57
11
3
3
19
24
26
18
14
25
2
23
11
16
25
11
31
38
2
5
9
24
6
19
5
33
3
55
6
59
6
23
16
4
5
5
16
27
38
39
5
33
33
14
47
48
39
28
43
35
36
22
31
31
46
34
39
40
60
64
50
109
87
118
75
76
104
93
11
