10003
2
3
5
3
8
8
5
10
12
4
9
7
10
5
4
2
5
5
5
17
6
6
7
6
9
9
4
7
11
13
5
3
6
3
5
4
4
10
3
7
6
10
8
17
9
6
11
13
7
63
9
5
5
19
6
5
21
9
6
10
14
4
7
7
10
9
489
5
7
14
8
8
53
4
11
18
5
13
6
9
8
8
10
4
11
9
11
8
9
11
18
5
247
647
6
8
24
5
12
13
32
8
10
6
32
511
1395
519
6
13
12
8
7
8
11
345
11
9
15
7
5
13
10
14
10
13
13
13
14
16
16
506
15
9
15
14
83
4
11
14
10
17
12
16
14
3605
17
13
29
6
488
866
16
407
4126
22
16
14
21
9
17
20
21
17
8
13
11
36
13
17
11
29
15
21
14
81
267
14
13
554
37
15
16
123
22
12
273
7
12
34
193
713
20
560
328
18
36
525
9
511
18
8
38
13
829
11
27
35
46
119
22
13
18
10
23
18
31
12
23
9
43
18
44
35
19
20
14
30
26
20
64
3931
13
105
40
44
29
631
39
26
33
35
59
19
35
333
176
500
41
990
75
223
366
531
36
54
53
34
20
34
173
1725
391
519
63
16
591
465
75
