39378
6
5
5
9
4
13
6
10
15
4
2
13
6
5
6
9
9
6
7
7
10
8
16
16
8
7
9
11
5
7
15
13
11
11
7
9
10
17
23
18
7
10
9
22
8
21
13
11
9
7
18
7
6
4
14
9
17
10
10
6
20
4
13
23
25
17
5
16
11
22
12
18
14
18
20
18
10
15
12
20
6
22
9
8
10
9
14
8
10
25
16
8
10
19
13
12
14
21
18
10
8
23
23
30
13
16
8
10
17
15
10
16
17
14
18
11
12
11
14
7
10
17
21
20
22
14
18
10
9
27
20
14
17
12
24
22
13
17
18
11
13
20
9
17
20
23
25
17
16
16
32
21
13
26
16
36
15
36
25
22
17
7
21
29
16
14
19
13
13
19
16
21
13
17
18
18
26
24
17
32
39
24
20
25
20
18
22
22
25
17
22
28
12
15
20
26
32
38
22
26
26
24
31
30
24
22
22
33
20
49
21
18
31
40
26
31
29
40
18
15
23
37
28
21
21
16
25
19
35
24
29
39
31
23
44
24
27
32
31
37
22
28
34
27
21
37
36
27
32
33
26
41
44
38
38
45
29
27
38
49
33
63
45
34
38
38
42
44
48
