37875
2
4
2
3
3
6
2
11
2
8
6
8
4
9
5
6
2
3
9
2
6
9
7
6
7
7
5
7
8
17
8
12
8
15
18
20
7
4
12
9
4
12
8
14
11
10
6
6
6
8
11
5
10
9
21
11
14
4
12
14
13
8
16
5
13
15
19
11
15
18
8
22
16
21
9
15
21
9
8
12
7
13
8
9
9
5
12
13
31
22
8
15
9
11
12
17
19
5
11
14
11
42
18
8
10
10
14
17
10
28
11
20
26
8
19
14
11
10
16
31
6
6
15
26
15
12
4
2
11
9
13
9
14
17
5
6
10
27
31
23
12
16
18
28
10
4
28
18
18
9
25
14
35
34
4
26
28
15
31
14
2
14
29
14
13
20
19
20
8
6
11
33
17
8
9
12
7
56
13
26
14
4
25
8
28
28
21
17
38
23
12
11
25
17
12
3
24
63
12
26
12
11
51
7
46
20
19
32
8
16
32
19
38
17
15
33
38
53
24
50
10
10
30
31
57
11
18
3
7
33
24
30
26
19
24
17
3
24
26
9
29
26
16
32
2
14
19
35
25
23
42
24
23
11
20
55
36
16
23
7
11
31
25
5
38
12
20
9
38
24
2
5
6
43
19
10
33
44
6
3
55
59
18
5
6
10
29
23
5
5
16
26
21
61
5
16
27
4
38
14
12
33
47
48
39
28
39
18
35
43
30
22
35
22
36
13
37
31
50
31
46
34
39
40
60
64
87
109
75
118
76
104
93
146
