519
341
5
7
4
10
6
8480
5
8
7
6
10
5
8
63
11
495
7
3
21
3
6
5
9
9
6
8
9
9
6
11
3123
17
10
5
8
9
11
5
5
11
4
32
9
13
7
13
14
12
8
8
14
7
13
10
506
5
4
14
512
123
11
10
53
11
11
8
7
10
15
646
10
9
10
16
6
10
8
14
18
257
19
18
32
866
6
412
14
33
426
9
49
82
1410
496
15
13
24
12
17
16
14
12
27
4
13
13
14
13
20
17
16
13
43
12
14
401
33
17
15
22
20
52
31
1222
15
18
7
16
14
13
288
21
568
54
18
13
40
13
20
21
37
4816
8
830
23
11
38
34
22
555
1738
18
41
10
30
526
42
105
13
9
12
29
40
20
66
9
379
1097
44
12
35
131
8
77
53
27
34
626
36
18
20
519
26
75
33
497
26
43
532
119
469
500
276
2603
35
1159
95
29
323
34
22
2514
64
