4191
2
4
3
10
2
10
5
3
3
6
3
7
3
2
1
2
4
2
9
4
2
5
3
6
10
3
6
2
3
3
2
2
9
9
5
7
6
3
11
4
6
4
5
3
7
3558
9
5
3
5
3
54
3
6
4
11
2
8
5
4
5
5
3
24
3
8
4
3
2
5
5
4
9
4
5
5
6
6
5
4
2
17
12030
4
9
4
9
27
10
11
6
13
10
866
9
9
11
12
4
247
6
3
5
11
4
11
5
9
7
9
8
14
5
490
11
5
5
17
7
7
7
13
9
5
14
6
18
18
3
21
13
3
7
7
32
143
7
8
6
18
8
5
3
12
8
6
4
12
7
5
7
7
515
11
21
10
6
11
7
5
17
4
10
11
260
8
13
8
9
10
10
5
6
4
19
7
4
5
13
7
428
15
13
17
5
15
7
8
10
5
6
9
14
4
5
13
4
24
5
329
12
4
10
16
8
9
6
646
4
8
376
4
1468
5
7
11
5
10
13
1695
6
9
14
4
16
14
6
8
22
123
8
36
14
12
8
10
13
511
36
10
269
14
10
11
13
435
20
8
481
13
11
11
23
9
6
5
11
16
6
54
15
13
22
17
8
10
16
495
15
20
64
29
16
38
13
12
34
14
16
24
9
14
16
6
21
17
18
14
17
187
165
17
29
34
13
7
18
16
18
364
18
21
22
15
12
105
21
13
10
22
14
27
81
17
267
552
20
9
37
16
44
11
30
556
31
23
11
12
8
454
26
1306
19
22
23
10
178
526
17
24
23
18
5
35
184
937
34
20
64
25
40
30
15
581
44
34
13
21
256
20
26
13
9
133
14
21
35
18
86
29
614
16
20
26
66
20
75
16
1
33
304
54
279
228
53
70
30
26
10
99
43
35
2
532
24
35
11
13
1410
