26
5
3
186
2
1
1
1
1
1
1
2
2
1
1
1
3
2
1
1
1
1
1
2
1
3
1
1
2
1
1
1
8644
1
1
1
1
1
1
1
1
1
1
8
1
1
1
1
6
1
1
1
1
1
2
1
1
1
1
1
1
1
1
2
2
2
3
1
3
2
2
9
2
11
1
1
1
1
8
1
1
5
19
1
3
1
11
1
1
1
1
1
18
1
1
5
1
1
1
1
1
1
2
3
20
11
1
3
1
8
1
5
2
10
1
1
1
4
72
5
1
5
1
19
1
2
1
5
1
1
1
1
1
1
6
1
8
1
14
1
3
4
2
1
4
1
10
2
1
2
2
3
12
13
1
1
1
1
12
2
9
1
1
6
1
3
1
12
4
2
1
2
26
1
7
10
26
14
1
9
1
1
4
11
1
1
1
1
1
47
4
2
8
2
1
1
1
7
1
2
1
12
20
1
2
7
1
41
1
1
24
1
1
1
1
13
1
16
1
4
8
3
1
1
1
1
4
26
3
6
1
19
1
1
6
1
7
1
2
1
1
7
3
1
3
10
1
17
1
1
1
1
1
4
1
1
1
43
11
1
2
1
2
5
3
1
1
2
9
1
34
1
1
1
1
2
1
1
1
2
1
1
3
1
1
4
6
1
5
1
1
6
1
1
25
1
2
36
1
8
1
5
2
3
1
1
1
4
4
22
11
1
1
7
1
3
2
13
24
2
2
1
1
1
2
1
1
53
34
15
36
18
5
1
1
