158
2
1
1
8
1
2
1
2
5
6
1
2
3
8
2
2
10
10
9
11
13
11
7
6
5
12
2
3
9
9
4
1
3
1
4
10
4
1
3
9
1
5
1
2
12
8
6
20
5
19
2
6
3
2
5
1
4
1
5
4
2
10
275
12
1
19
3
1
5
20
27
9
3
5
26
21
15
1
2
1
5
1
1
227
1
42
14
19
27
7
2
4
25
14
1
2
1
30
1
16
20
6
18
1
6
2
1
41
9
2
192
1
4
22
1
34
8
6980
18
35
2
1
17
58
1
8
1
1
5
1
4
34
2
36
4
12
2
3
103
1
26
1
19
27
11
8
8
114
45
33
1
19
1
58
5
31
17
1
53
1
1
5
2
16
20
8
7
7
16
1
1
21
43
1
2
24
1
15
1
41
149
132
13
17
15
32
4
11
2
7
3
9
30
28
20
18
17
1
17
38
21
5
33
20
