83
5
3
2
1
1
1
1
1
1
3
2
2
1
1
1
1
1
1
2
1
1
1
1
1
1
1
1
1
1
1
1
1
4
1
1
2
1
1
3
1
1
1
1
1
8
1
1
1
1
2
1
1
1
1
3
1
1
1
2
1
1
1
11
1
1
1
1
1
1
1
163
1
1
1
1
1
1
1
1
1
1
4
2
1
1
1
1
1
1
1
2
1
1
1
1
1
1
1
2
1
1
1
2
1
2
1
20
9
1
5
1
18
9
1
2
1
2
2
1
1
1
9
1
1
3
1
1
1
1
1
1
1
3
1
1
1
1
1
10
1
1
1
1
1
1
861
1
1
10
1
1
1
1
1
1
1
1
1
5
5
1
1
8
1
1
1
5
1
1
1
1
1
1
1
1
1
2
1
16
3
3
1
1
5
6
4
1
1
1
12
14
1
2
1
1
1
1
1
1
1
6
1
1
3
1
1
2
19
8
1
1
13
1
1
1
2
1
1
1
1
8
13
16
1
2
1
38
7
1
2
11
1
26
1
1
1
3
1
1
1
1
19
12
1
1
1
1
1
11
2
1
1
1
11
3
14
1
10
1
1
5
19
10
1
1
1
1
2
1
1
1
9
1
1
1
9
1
1
1
1
1
1
1
1
9
8
9
6
1
1
1
1
1
1
1
7875
2
1
3
1
2
3
1
1
1
2
1
3
1
11
4
1
1
9
4
1
32
1
4
120
1
4
1
2
1
2
1
1
1
2
3
3
1
2
1
20
1
1
16
1
4
1
1
1
5
11
1
1
3
3
17
2
3
12
1
1
1
1
9
3
1
14
1
1
1
22
11
3
3
2
2
1
1
2
1
5
25
1
2
1
19
1
87
3
1
1
6
10
3
11
1
1
1
1
1
1
6
1
13
