70
1
5
2
1
1
2
3
1
1
2
2
3
1
1
2
1
1
4
2
1
1
1
9
2
1
2
2
1
1
2
8
1
5
1
2
1
1
3
1
11
2
1
5
9
1
6
18
1
1
1
3
1
3
1
2
1
18
5
9
4
1
1
2
2
3
4
4
2
9
2
174
8
2
13
13
1
2
4
1
11
3
10
1
1
11
6
305
1
1
11
1
1
10
1
1
1
13
13
6
7
1
6
6
1
1
1
1
2
6
27
1
3
4
1
1
1
3
1
3
19
1
7
12
2
9
35
4
1
3
12
1
21
19
355
1
1
2
13
7629
2
1
16
10
1
1
4
1
15
1
11
1
2
1
8
9
9
1
1
2
1
10
14
3
2
14
1
2
46
28
1
1
6
5
1
3
1
1
3
12
2
25
18
1
1
8
1
24
22
1
35
1
4
10
45
1
1
1
20
16
1
31
19
11
1
1
1
1
11
17
2
1
1
63
6
1
2
2
24
6
1
1
1
1
1
1
9
1
37
1
5
1
23
1
26
1
2
6
21
46
1
9
16
32
1
2
2
40
37
1
1
5
3
3
21
20
4
9
1
8
1
12
33
1
107
1
1
3
9
27
